Case #1:
1111100000010111 7 13 3 31 43 3 29 7 3
1001010111101011 3 2 5 2 5 2 3 2 11
1001111001101101 3 2 5 2 5 2 3 2 11
1010000011101011 5 2 17 2 29 2 5 2 7
1001101010111001 3 97 3 3 13 3 3 11 3
1100111110110111 3 2 3 2 7 2 3 2 3
1000000010101001 3 5 13 3 5 43 3 73 7
1110110010001101 7 13 3 31 13 3 13 7 3
1111101111101111 5 2 7 2 29 2 5 2 13
1001010011110111 5 2 17 2 5 2 5 2 31
1111101011101011 5 2 3 2 37 2 5 2 3
1111111100011011 3 2 3 2 7 2 3 2 3
1111011101101111 7 5 11 17 71 109 5 7 7
1101010100101001 197 2 7 2 557 2 23 2 3001121
1010011001001111 5 1759 3 11 17 3 683 2819 3
1000010000100111 3 2 3 2 7 2 3 2 3
1110010111010011 5 2 17 2 5 2 5 2 101
1111000101010111 31 2 11 2 5 2 31 2 13
1110111010101111 7 2 3 2 13 2 73 2 3
1010110101110001 7 13 3 31 43 3 73 7 3
1100111001100001 3 2 5 2 7 2 3 2 11
1001000100011111 97 2 15361 2 23 2 5 2 17
1000101011001111 3 739 3 3 23 3 3 43 3
1100001111011101 7 2 2521 2 5 2 15193 2 13
1101111000100101 29 11 3 11 13 3 443 29 3
1100001011000101 7 5 11 29 47 13 5 7 7
1101101010100001 97 2 7 2 23 2 1917281 2 41
1010000111000001 3 2 3 2 7 2 3 2 3
1110011011110111 3 2 3 2 7 2 3 2 3
1110010111100001 7 13 3 31 11 3 73 7 3
1110011010011111 43 29 7 19 67 643 521 32957 13
1011100101101001 5 11 3 5927 13 3 23 23 3
1001111100101101 3 2 5 2 5 2 3 2 11
1010011010011011 3 11 3 3 19427 3 3 7 3
1010100000100011 7 2 3 2 43 2 23 2 3
1001111010110001 5 7 3 11 1051 3 619 281 3
1100110111011111 7 2 3 2 23 2 5 2 3
1101011010111111 3 2 3 2 7 2 3 2 3
1101101001111111 3 2 3 2 7 2 3 2 3
1100110100000001 11 2 3 2 59 2 31 2 3
1010101001100001 3 113 73 3 71 41299 3 7 53
1000011110000001 3 2 3 2 7 2 3 2 3
1110001000000101 3 2 3 2 7 2 3 2 3
1100010011100101 5 2 73 2 29 2 37 2 61
1000010001010111 3 7 13 3 31 41 3 73 7
1100011011011111 7 5 23 7 17 103 5 7 4729
1001010000100111 17 167 23 2341 125197 13 7 31 47
1100110110111001 3 2 5 2 5 2 3 2 11
1100000101100011 31 53 6791 347 20443 11 7 1709387 47
1100010101001111 3 5 3 3 173 3 3 22643 3