Case #1:
11100111010000001010100101100011 7 5 3 7 5 3 5 7 3
10010000100110001101101100011011 7 13 3 19 5 3 73 7 3
11010100011101010011110011110101 7 7 6311359 29 7 37 23 7 7
10000011100000101010010000001111 5 2 3 2 37 2 5 2 3
10110001011010000110111001011111 3 2 3 2 7 2 3 2 3
11101110110011000000111110000101 5 7 67 5711 17 5 379123 19 7
11001100001110110110000010101001 3 13 3 3 5 3 3 7 3
11110111001110010110010110110011 31 2 7 2 5 2 17 2 631
10000111000110111100011111010101 7949 2 3 2 522541 2 1381 2 3
10110011001100111101001010110101 3 2 3 2 7 2 3 2 3
10100101111001001000100011100011 3 5 3 3 5 3 3 37 3
11001111110001010111011011111111 3 19 79 3 29 229 3 19 479
11010101101101011110011100011101 3 2 10529 2 5 2 3 2 1061
11010010100001110101010111011011 11 2 3 2 229 2 41 2 3
10010100001111011101001101011111 5 272777 5 7589 19 5 252169 5 2135797
10001101110111101011011010110011 19 2 7 2 5 2 2003 2 29
11101110100111010010111100001011 3 11 37 3 3701 27299 3 389 239
10000111000111011011110001001101 3 151 433 3 199 4349 3 7 4201
10001010100011001010000100100101 7 2 3 2 43 2 73 2 3
11000110110110110110101001011101 23 5 19 47 13 131 5 81181 359
